width  = 640
height = 480
fx = 239.29417618214856
fy = 240.30075934969213
cx = 315.3496443120165
cy = 262.5286715471367
dOne = -0.028742002781216164
dTwo = -0.013810140954059476
dThree = 0.0038495816661626428
dFour = -0.0008709685223179784
