width  = 640
height = 480
fx = 237.32519870074262
fy = 238.24410976973343
cx = 313.6991745537156
cy = 232.9831590050476
dOne = -0.023707762740743623
dTwo = -0.021310124272072285
dThree = 0.009472840348989039
dFour = -0.0022988478876357723
