model_type: MEI
camera_name: image_02
image_width: 1400
image_height: 1400
mirror_parameters:
   xi: 2.2134047507854890e+00
distortion_parameters:
   k1: 1.6798235660113681e-02
   k2: 1.6548773243373522e+00
   p1: 4.2223943394772046e-04
   p2: 4.2462134260997584e-04
projection_parameters:
   gamma1: 1.3363220825849971e+03
   gamma2: 1.3357883350012958e+03
   u0: 7.1694323510126321e+02
   v0: 7.0576498308221585e+02

model_type: MEI
camera_name: image_03
image_width: 1400
image_height: 1400
mirror_parameters:
   xi: 2.5535139132482758e+00
distortion_parameters:
   k1: 4.9370396274089505e-02
   k2: 4.5068455478645308e+00
   p1: 1.3477698472982495e-03
   p2: -7.0340482615055284e-04
projection_parameters:
   gamma1: 1.4854388981875156e+03
   gamma2: 1.4849477411748708e+03
   u0: 6.9888316784030962e+02
   v0: 6.9814541887723055e+02



image_02: 0.9995185086 0.0041276589 -0.0307524527 0.7264036936 -0.0307926666 0.0100608424 -0.9994751579 -0.1499658517 -0.0038160970 0.9999408692 0.0101830998 -1.0686400091 
image_03: -0.9996821702 0.0005703407 -0.0252038325 0.7016842127 -0.0252033830 0.0007820814 0.9996820384 0.7463650950 0.0005898709 0.9999995315 -0.0007674583 -1.0751978255